41
88
18
33
44
88
61
44
43
9
90
61
47
29
74
4
61
88
86
25
49
62
50
46
62
61
70
95
21
75
5
63
35
19
45
88
12
33
73
43
96
40
97
87
96
48
32
0
74
82
37
51
71
95
99
46
46
32
95
61
89
97
18
64
96
61
56
61
39
88
96
29
15
36
42
12
97
43
73
41
21
50
96
81
1
90
96
78
5
79
47
88
2
18
88
60
38
99
50
89
86
32
88
81
19
32
70
95
88
88
71
100
81
19
88
94
35
91
22
91
72
29
10
21
60
20
91
62
18
18
88
18
18
72
60
63
48
45
18
3
91
88
91
98
96
49
94
43
60
88
18
65
72
18
96
42
31
31
18
55
42
19
20
72
30
72
6
95
88
25
86
18
89
88
31
4
97
88
96
95
61
88
15
80
18
91
22
85
95
78
65
68
54
91
72
86
30
6
16
72
87
96
82
7
55
8
3
101
16
79
47
49
42
49
90
72
4
62
72
73
19
95
53
95
61
88
53
92
101
20
34
9
18
56
85
42
46
25
7
47
20
84
95
49
21
57
18
91
60
18
78
52
8
55
61
18
16
78
75
88
72
72
91
91
60
3
88
72
18
22
91
61
96
69
91
9
63
1
22
87
60
82
34
87
11
18
95
96
63
89
18
78
50
76
62
23
82
18
44
54
18
96
8
77
44
37
37
95
96
1
55
43
4
47
18
81
54
72
88
8
69
4
50
88
75
61
88
18
16
18
96
18
77
65
87
47
95
41
42
96
16
82
15
88
98
29
35
16
18
60
56
18
41
32
18
51
32
44
18
91
95
96
8
18
84
88
51
88
4
9
83
95
18
7
54
96
66
71
96
34
18
88
18
96
85
25
23
82
92
72
81
18
18
72
91
31
86
55
51
88
61
96
23
87
38
95
57
10
77
27
75
61
96
62
62
88
38
95
22
22
61
88
27
25
21
18
17
81
16
91
88
92
43
16
91
56
96
49
91
82
2
61
96
71
1
18
24
38
33
88
18
61
18
89
62
88
26
51
96
69
36
51
88
7
95
17
99
100
88
72
71
88
96
76
56
95
28
65
92
40
61
82
18
61
91
54
12
47
43
25
53
61
73
61
98
91
18
4
72
85
96
3
18
101
88
45
88
94
37
52
48
73
91
14
68
18
31
67
72
71
45
91
61
97
18
37
61
99
74
88
69
33
70
60
97
96
48
88
94
32
18
95
76
96
20
47
79
88
27
95
91
3
57
84
72
63
29
13
88
41
16
12
36
18
95
18
19
40
18
9
101
73
93
88
51
95
18
94
25
18
96
88
36
18
49
44
97
82
59
31
40
18
82
43
95
5
92
88
96
81
60
88
69
27
18
49
91
95
88
72
91
24
88
18
77
48
96
86
99
91
3
43
94
88
62
49
71
35
66
10
18
1
88
88
85
29
51
88
46
88
88
1
91
5
43
95
88
88
57
81
101
91
79
72
22
36
80
30
72
28
9
10
97
67
18
37
54
88
48
18
18
65
96
49
57
96
1
6
54
20
42
60
10
88
60
56
71
46
43
88
39
29
18
4
65
69
22
87
26
16
87
1
91
98
12
86
79
60
18
6
62
88
15
42
8
91
66
76
96
33
91
4
63
62
25
54
72
61
69
18
32
31
23
16
72
48
68
20
49
67
56
23
88
91
88
64
98
91
24
91
51
59
83
18
95
49
44
4
91
55
82
6
88
91
72
18
92
67
70
95
95
88
22
51
64
91
73
50
92
88
53
96
69
73
88
27
8
18
18
18
88
18
88
18
91
89
80
62
26
94
46
39
96
91
96
61
72
72
67
61
49
9
18
62
62
64
16
10
96
96
29
10
82
96
97
88
79
96
33
61
61
4
48
88
11
16
18
22
67
96
12
53
88
55
88
70
96
88
97
70
57
95
43
10
90
57
72
9
88
18
23
10
51
96
60
95
31
61
12
37
78
21
36
67
88
18
18
31
40
62
72
18
64
100
91
40
4
28
49
13
20
18
4
96
95
72
34
8
88
9
48
1
21
51
3
87
46
3
21
49
87
88
52
40
12
8
88
72
91
72
88
18
59
4
47
73
81
67
96
91
57
88
88
95
91
42
98
10
41
43
100
38
90
91
96
68
95
9
100
18
90
66
61
44
18
90
63
94
95
7
37
18
8
56
39
2
91
95
92
31
73
91
67
87
29
21
86
87
38
20
29
88
95
10
97
64
60
91
45
80
95
91
56
60
86
9
91
72
21
96
0
65
58
42
91
95
64
8
95
62
18
8
96
63
96
91
88
56
88
4
100
69
34
58
88
18
43
88
97
96
95
52
61
38
52
61
81
71
65
18
18
29
91
62
91
18
94
18
18
81
16
88
65
76
94
96
96
8
47
8
48
70
48
88
94
4
83
27
43
18
52
31
91
49
77
34
91
50
88
97
96
17
96
88
35
6
96
89
18
39
29
91
96
91
83
61
95
96
90
43
88
61
16
95
8
31
96
100
92
74
60
57
77
34
84
97
19
48
95
88
54
18
97
5
61
69
55
88
50
22
18
8
21
42
100
18
18
9
59
77
60
22
91
65
88
80
37
88
46
61
90
9
61
18
86
76
17
60
9
73
40
18
47
91
72
96
61
69
8
61
88
19
88
18
73
18
84
92
72
18
76
42
96
88
64
21
91
18
101
18
46
77
98
23
90
69
95
34
12
7
38
18
18
88
48
91
40
18
10
40
96
88
61
25
89
55
64
11
19
63
91
2
87
7
95
96
18
96
86
52
18
46
96
66
26
22
51
51
67
86
11
59
18
60
11
95
68
61
51
97
26
0
99
15
37
89
63
95
48
91
62
69
95
101
54
96
61
86
53
95
88
18
67
96
73
58
94
43
88
6
95
18
96
96
25
10
95
17
60
41
72
96
88
94
18
55
65
64
45
32
79
37
100
93
95
18
93
31
18
18
95
95
72
91
34
30
70
88
60
13
54
91
85
88
55
5
61
96
18
96
91
80
9
88
5
33
38
70
69
88
101
88
97
60
74
72
13
13
15
47
56
42
88
18
60
91
95
18
34
88
88
83
76
81
81
47
4
10
51
18
59
25
95
8
18
95
84
76
95
16
32
4
48
82
83
74
66
21
87
18
59
18
18
88
55
18
42
96
88
8
26
18
18
91
97
18
95
18
37
63
96
92
72
72
72
10
88
21
72
18
14
21
73
18
10
96
85
97
92
50
18
95
95
73
42
36
96
99
91
5
17
31
88
57
96
95
21
59
65
45
82
66
88
62
12
83
61
72
91
10
97
96
44
94
96
96
7
88
39
87
34
20
61
46
2
86
91
93
60
96
91
50
88
73
96
2
39
93
88
61
31
88
1
24
47
95
18
47
36
80
15
61
74
88
40
18
64
57
60
95
10
73
90
51
15
81
61
51
42
48
88
28
95
32
18
72
81
0
84
61
22
4
93
10
81
18
86
88
8
99
18
88
19
35
65
59
33
72
91
53
78
61
60
96
95
48
91
0
88
46
88
86
10
44
53
29
61
85
66
65
60
0
49
67
11
70
96
92
73
18
88
6
95
8
16
35
77
91
81
95
88
33
17
61
18
5
72
88
101
8
13
47
88
88
18
76
91
49
91
97
92
51
89
64
95
88
3
13
96
12
64
62
6
86
72
15
18
92
96
28
39
96
47
52
45
88
45
49
79
1
60
99
27
27
7
47
64
65
95
46
54
100
96
96
63
57
63
24
88
31
88
61
18
69
81
13
100
55
9
72
74
49
81
10
45
60
29
95
91
18
61
12
89
85
62
53
54
8
72
1
52
88
93
43
88
18
46
91
44
83
51
18
87
78
91
88
37
88
21
4
96
88
88
66
80
82
51
10
89
95
101
32
63
63
56
96
20
1
98
18
84
5
3
10
2
91
12
51
72
60
91
95
40
48
70
18
93
88
72
88
95
37
42
88
8
96
72
2
7
42
18
95
56
40
43
21
91
41
2
88
88
5
57
100
73
22
18
91
47
37
30
97
88
95
46
51
72
91
65
88
80
77
91
21
11
75
97
18
65
3
33
92
99
42
88
40
101
49
88
70
18
62
88
21
88
9
42
51
74
18
7
72
53
16
48
25
88
72
78
