38
96
45
18
18
65
54
91
62
91
86
31
91
73
88
98
25
15
18
72
10
81
77
3
88
72
57
94
67
51
76
77
95
52
53
61
88
75
18
23
55
88
59
64
88
89
91
88
73
101
75
45
42
3
3
94
18
88
69
88
23
88
88
95
51
46
18
32
33
18
49
95
91
26
88
27
63
81
65
65
90
18
8
56
51
18
18
53
19
91
45
89
1
86
88
95
42
29
14
46
52
96
96
88
18
21
16
88
61
88
88
18
91
91
88
62
69
66
17
88
96
96
13
75
22
88
32
88
15
95
95
100
60
11
24
8
88
91
39
18
18
74
27
96
96
72
90
98
18
18
38
79
55
34
76
9
74
48
96
18
83
18
97
18
72
53
88
72
88
82
88
86
63
50
1
10
22
24
25
89
88
75
44
33
95
91
40
0
85
24
95
11
56
73
32
72
6
96
94
53
18
9
72
96
95
95
72
31
88
88
19
18
8
18
40
74
49
88
49
95
18
18
18
2
78
61
63
26
46
18
96
18
95
38
18
18
88
61
4
31
88
16
47
91
99
18
61
60
85
96
88
51
95
47
0
30
64
101
49
60
67
88
88
18
44
51
72
82
25
87
95
16
60
88
27
98
88
56
97
96
65
93
18
3
72
42
35
6
62
91
95
93
96
61
76
77
65
31
70
40
4
20
58
13
6
99
23
9
32
72
3
18
4
95
70
69
18
18
88
100
91
100
38
19
18
43
79
95
91
62
63
88
88
72
61
67
97
72
51
13
95
99
66
18
43
88
95
101
96
27
96
96
40
94
95
28
61
64
84
37
64
38
91
61
96
18
33
50
12
26
95
95
18
73
18
87
93
52
18
18
46
100
72
67
91
70
91
91
91
77
1
43
22
18
18
17
88
85
22
63
1
89
88
62
95
92
4
25
96
95
4
91
39
4
18
18
26
95
72
86
95
36
27
43
61
96
96
11
95
64
73
88
30
88
95
18
88
18
95
64
19
79
45
68
72
18
18
18
91
47
96
67
97
91
48
78
52
10
47
88
61
82
84
96
62
64
58
42
62
4
35
46
88
21
54
20
18
91
71
35
80
81
35
29
61
73
66
26
94
21
95
19
96
40
18
63
91
79
87
82
70
61
61
88
97
18
18
37
54
18
72
37
11
77
91
32
88
91
96
70
18
96
62
62
95
91
56
70
36
26
18
17
88
91
37
47
95
18
88
97
94
51
88
100
12
18
4
95
38
45
48
95
88
73
33
69
63
60
51
88
40
11
95
27
11
18
95
95
26
100
96
95
95
96
60
88
18
95
62
18
95
12
96
69
92
55
54
95
45
43
37
36
96
57
27
8
10
18
72
34
18
67
46
72
68
95
96
66
19
74
65
88
88
18
88
50
95
96
84
76
18
18
91
79
44
61
18
88
95
76
8
91
38
18
59
53
74
18
18
56
88
88
78
12
56
74
78
84
18
63
40
88
47
67
52
96
72
95
27
12
18
47
99
67
88
61
26
22
60
95
6
48
92
91
18
88
65
91
8
61
79
25
66
19
96
18
95
19
5
83
67
8
88
95
88
60
47
99
57
64
88
18
60
40
51
63
43
34
74
85
96
75
92
69
91
48
43
96
41
21
18
9
18
21
91
96
96
16
58
88
95
19
97
31
60
88
70
66
88
88
10
88
16
18
91
52
73
18
22
18
18
21
101
30
87
88
72
18
95
18
53
9
98
30
75
0
62
100
2
88
61
18
93
24
84
38
96
9
1
73
54
61
98
26
96
67
91
96
72
88
91
87
51
45
101
72
96
22
9
1
101
91
35
12
20
29
7
43
91
32
96
32
67
45
68
66
88
13
99
61
55
65
32
88
69
8
18
18
18
73
96
100
7
66
18
65
72
88
88
53
88
48
88
26
96
82
99
27
88
96
51
97
50
48
90
65
8
19
96
40
8
18
33
36
47
18
91
49
74
72
96
65
18
79
19
97
72
18
59
18
38
82
88
74
91
91
11
27
40
44
100
88
9
17
88
95
32
95
91
92
55
91
29
97
3
88
77
8
18
98
54
55
60
83
18
18
72
16
54
61
98
1
60
40
62
32
73
88
96
18
64
83
91
44
96
96
18
22
88
95
95
61
5
18
74
18
80
7
61
11
92
12
21
66
18
18
65
91
96
18
63
81
50
61
46
1
64
90
1
82
81
95
47
0
68
96
57
94
95
18
73
99
90
59
18
82
88
88
29
52
72
96
81
88
26
100
80
43
12
67
40
98
53
82
88
1
95
88
88
85
37
12
13
64
97
13
96
14
96
18
34
100
8
59
94
18
18
18
95
58
88
40
1
51
51
91
96
95
88
88
45
30
95
89
18
15
66
93
88
18
49
66
18
34
95
31
39
62
42
18
14
18
58
91
76
96
1
72
14
83
43
69
42
72
47
88
35
91
70
18
61
18
16
36
20
88
5
98
88
18
16
62
75
26
91
60
88
17
72
51
85
83
43
91
95
79
7
60
18
67
24
2
72
75
74
72
91
42
87
91
88
88
72
12
18
29
83
96
65
96
69
88
92
91
95
69
65
18
88
52
88
72
61
10
18
95
38
32
48
12
45
25
18
8
48
91
92
88
62
51
25
0
12
96
81
62
18
50
88
13
91
96
8
40
88
86
97
24
5
73
27
96
5
5
18
86
63
77
72
22
73
27
81
51
18
91
24
94
88
95
22
61
97
91
91
91
57
34
7
72
73
73
96
75
95
88
96
19
88
63
58
18
82
88
72
8
9
18
72
94
51
98
95
91
47
16
9
85
95
32
30
47
62
91
91
18
54
46
19
91
86
62
1
90
9
47
97
18
18
53
61
98
66
52
32
35
88
38
95
40
97
66
24
32
84
97
95
19
12
18
18
101
63
21
88
82
94
46
18
44
58
19
1
49
51
8
34
63
18
88
40
94
18
18
14
88
72
36
63
21
33
82
37
32
65
61
70
91
70
72
95
89
88
36
67
40
33
88
35
31
77
12
96
88
18
18
65
72
89
88
7
49
40
18
51
18
18
66
72
37
49
18
56
21
35
18
50
18
48
39
97
6
66
8
55
4
22
1
18
43
18
72
88
76
36
96
91
18
59
88
96
96
36
16
95
64
72
100
41
42
91
59
18
72
15
27
73
40
72
77
85
88
82
97
18
96
98
85
73
84
88
95
5
84
72
18
49
73
96
72
60
21
91
51
74
59
73
79
95
100
77
78
3
38
18
91
18
70
49
88
82
18
19
88
72
33
63
27
28
91
20
53
98
53
18
19
88
18
7
95
95
86
94
87
96
26
45
60
39
30
82
88
4
88
64
95
47
16
60
86
23
96
15
57
70
84
18
95
38
88
96
22
26
85
96
16
61
32
21
99
96
92
59
43
18
74
94
4
62
95
18
40
88
18
8
41
88
96
72
27
94
61
61
18
54
75
88
61
95
88
91
88
97
96
18
32
45
40
81
97
77
93
96
42
49
69
91
51
91
18
60
91
73
62
96
55
96
8
73
8
10
44
73
88
26
13
47
18
69
91
37
77
95
40
4
95
12
62
88
37
2
43
37
4
31
42
97
88
7
1
89
87
81
57
81
18
76
31
40
91
42
8
47
62
95
94
83
22
3
14
46
67
88
88
73
88
91
28
89
69
49
29
88
18
53
26
77
62
48
47
13
18
91
97
35
51
18
72
39
52
68
51
95
92
101
42
40
72
18
93
21
49
41
88
49
72
53
6
96
47
18
36
74
82
87
43
35
29
73
64
86
70
18
88
88
38
93
88
80
72
76
47
63
96
88
100
3
18
17
55
81
96
63
70
64
22
68
37
60
18
21
69
88
46
78
42
18
18
88
49
67
95
4
79
92
18
88
58
4
92
88
96
86
18
28
35
81
91
20
73
91
85
19
69
64
37
22
96
95
73
47
93
29
70
19
95
91
91
56
100
18
48
95
61
72
80
68
18
5
26
3
17
76
62
64
91
16
20
38
91
59
63
95
14
27
92
62
83
90
55
48
78
67
63
58
95
51
40
101
64
60
54
91
70
10
95
18
95
62
54
91
61
86
83
3
96
88
31
91
8
32
47
81
88
37
95
67
72
72
88
40
95
67
5
42
31
88
96
1
61
47
77
80
95
88
91
87
20
20
91
46
88
8
18
54
91
95
0
67
8
28
95
91
61
18
16
95
81
66
88
11
95
18
18
95
99
49
46
72
67
18
1
88
58
48
3
59
1
18
96
83
40
71
96
55
96
50
51
5
88
22
88
10
1
53
32
16
61
88
91
23
26
18
41
88
61
97
87
18
91
13
1
63
88
4
56
91
88
8
89
21
33
1
34
18
45
5
91
96
40
79
37
84
59
95
58
8
74
96
18
91
47
83
95
52
74
88
73
18
91
100
76
39
64
25
38
95
1
96
82
62
91
2
26
42
50
88
92
45
18
40
88
75
47
87
18
73
92
7
91
74
88
95
49
24
43
15
36
101
95
68
34
63
61
69
90
91
95
23
61
30
90
96
42
46
88
96
82
69
88
72
46
18
11
74
18
96
95
88
46
88
36
87
51
72
33
60
37
65
15
57
88
96
22
90
92
18
62
86
48
22
7
34
24
18
88
18
80
91
84
18
14
96
18
88
18
67
82
73
95
91
81
88
88
43
96
3
88
86
98
88
80
31
81
4
96
22
47
96
29
44
4
88
0
18
4
94
46
48
62
76
86
60
98
90
99
88
4
12
47
96
62
10
30
88
92
90
24
47
88
88
18
66
88
10
76
63
97
88
95
95
62
69
18
57
85
18
1
75
81
83
91
73
79
44
18
91
79
18
96
15
86
1
91
18
18
61
88
52
95
46
88
31
61
38
88
19
40
78
35
32
18
68
91
17
72
60
52
30
14
88
22
81
73
88
62
18
18
11
72
91
38
90
60
18
98
42
46
91
83
26
16
66
88
85
49
73
18
29
99
9
51
46
63
88
47
48
96
79
72
88
91
34
96
69
95
80
46
75
1
57
72
96
72
22
30
61
96
17
88
39
65
1
97
77
95
23
87
39
88
89
96
95
41
18
88
95
49
11
47
61
60
63
88
96
0
56
70
17
61
49
96
62
88
18
61
21
18
96
58
82
1
96
29
61
89
47
42
96
96
91
73
18
55
79
51
22
20
91
95
95
96
92
67
88
55
18
22
95
27
88
72
72
70
68
21
88
18
82
18
58
88
16
16
89
36
94
7
88
13
46
88
6
95
9
22
52
73
88
94
29
96
62
71
95
85
39
88
96
91
62
91
96
91
18
88
1
9
47
4
97
62
12
14
18
4
88
12
28
5
38
96
63
94
25
18
88
72
96
42
48
91
88
48
98
11
88
31
65
18
84
60
89
48
77
54
91
88
15
92
91
89
25
59
23
66
97
95
82
43
88
80
73
45
95
61
51
56
38
18
18
88
55
96
95
88
36
81
62
7
26
88
72
91
65
74
88
79
19
8
86
18
41
70
58
34
6
1
55
91
97
95
85
88
46
21
98
3
70
56
47
46
18
42
95
38
50
19
45
35
34
80
1
33
24
98
73
2
73
18
96
51
18
18
18
65
88
63
89
94
95
72
94
22
95
96
18
70
88
18
95
88
96
95
22
69
62
18
29
33
67
75
82
47
88
78
49
44
40
25
91
64
84
91
18
13
47
8
74
42
50
92
60
91
91
48
72
95
0
88
92
61
88
50
62
52
96
73
71
96
18
42
72
18
91
97
29
18
41
34
16
5
70
48
18
96
88
83
18
68
24
84
95
62
18
91
72
61
60
72
19
48
88
97
13
82
72
78
98
18
18
40
3
99
58
91
76
23
38
35
55
18
6
17
74
21
54
95
95
8
83
33
96
23
72
46
45
40
48
3
96
95
69
72
9
92
56
18
64
91
39
88
61
81
96
91
18
15
88
18
41
18
99
67
91
95
88
61
2
90
78
16
95
19
43
89
88
20
61
53
41
60
25
34
96
68
13
47
96
96
72
63
61
88
82
1
88
88
72
88
55
91
68
68
60
48
10
96
91
6
88
9
48
95
52
88
82
89
37
88
94
27
18
61
82
62
96
33
91
83
95
65
41
37
92
51
47
21
41
10
72
94
95
18
18
38
50
74
72
52
33
95
91
94
18
96
0
37
1
88
23
48
44
98
88
88
59
82
88
95
14
18
88
1
