62
56
72
27
67
50
96
91
88
61
91
83
8
47
88
68
81
94
18
18
96
31
53
1
30
62
88
62
87
18
12
73
87
18
15
91
27
46
88
13
22
96
95
51
21
84
48
18
1
95
57
60
16
15
96
36
18
88
91
18
91
33
35
21
72
5
66
9
95
24
88
72
84
49
6
33
94
54
71
96
93
35
75
55
43
8
5
93
91
95
96
8
96
72
88
18
91
91
77
95
91
62
18
4
25
88
22
51
91
96
91
88
69
17
69
18
88
91
33
96
96
95
49
59
51
96
96
65
2
18
88
76
83
88
91
87
21
32
88
91
48
47
95
18
86
84
67
34
72
96
88
91
73
64
53
26
82
50
18
25
12
98
51
96
27
91
46
10
23
7
51
6
34
10
91
95
97
43
88
95
95
61
72
7
81
87
40
67
78
44
52
72
21
11
26
88
18
14
30
96
67
91
51
24
79
96
96
53
54
61
33
95
88
35
92
60
88
49
88
22
81
61
88
43
18
48
96
90
88
45
18
18
49
59
96
31
98
76
26
88
66
98
88
99
88
5
18
83
91
9
33
62
88
82
91
30
88
91
13
18
49
10
61
26
88
41
46
64
61
91
101
88
73
1
5
33
96
95
41
94
96
61
2
95
91
87
85
1
33
93
9
11
62
80
96
18
85
42
91
91
31
88
65
3
72
61
29
95
96
4
35
88
5
55
62
18
48
97
88
38
50
22
92
84
59
60
12
72
96
72
47
97
47
89
35
73
84
43
86
89
96
88
8
7
18
19
78
88
18
91
55
88
21
96
98
18
62
37
1
61
67
27
4
88
73
95
18
18
95
95
26
37
72
96
18
18
76
58
21
91
60
69
95
80
97
72
88
90
62
8
81
11
96
82
72
62
91
90
18
96
88
88
18
40
61
8
65
73
0
88
62
88
21
63
18
83
18
98
42
96
60
62
18
95
96
88
95
93
91
8
58
95
69
52
49
87
16
18
50
60
81
79
42
90
73
84
19
96
96
95
21
8
8
6
1
53
95
7
61
31
91
96
94
64
91
18
96
88
74
89
20
51
88
68
91
75
17
46
13
99
87
96
71
10
56
26
19
62
90
60
95
86
86
69
72
51
56
95
86
69
38
61
84
80
96
86
88
76
89
88
18
26
1
5
67
43
18
99
88
29
88
39
5
54
88
18
96
38
64
93
72
60
41
96
11
39
75
94
38
47
61
69
18
20
86
87
90
44
96
21
88
90
55
7
91
100
82
10
25
91
90
73
61
8
95
73
16
91
31
61
96
88
95
27
38
70
88
97
96
61
36
33
82
70
29
46
53
4
88
17
96
98
22
18
34
60
27
42
91
9
88
18
2
49
91
95
2
7
82
72
34
92
88
18
88
26
95
12
21
43
88
91
15
47
18
56
67
51
61
96
92
61
66
18
18
26
4
97
96
69
65
91
88
67
43
88
18
100
39
38
91
95
18
4
3
98
72
25
25
18
25
18
88
18
95
70
13
18
91
95
26
91
61
30
84
88
91
41
28
91
13
18
82
61
73
91
91
26
49
16
18
18
73
0
95
89
1
95
18
97
53
18
42
88
88
41
26
95
91
0
85
45
73
82
86
14
89
70
48
1
56
22
71
61
16
91
61
78
97
18
77
18
19
21
95
69
70
30
18
37
81
99
61
96
2
61
28
92
4
26
72
81
96
97
11
92
101
67
98
61
18
81
95
16
47
81
55
72
85
96
29
72
5
94
72
53
92
62
69
34
45
35
51
95
61
8
31
62
38
30
81
31
18
96
45
76
22
25
88
72
64
54
21
18
87
18
80
75
38
60
47
96
92
86
98
47
88
12
47
1
4
76
31
52
18
18
20
96
60
64
80
21
62
91
17
88
18
84
72
71
95
72
49
21
76
18
18
27
19
1
89
20
20
36
62
92
80
96
70
90
88
64
81
16
10
88
34
61
15
95
18
33
36
18
19
31
18
91
33
29
50
45
46
64
18
43
56
44
10
88
51
37
95
88
48
95
9
72
48
73
46
9
8
72
8
95
66
96
82
39
22
93
75
55
37
6
91
54
18
18
45
65
51
48
63
88
88
88
24
19
74
47
96
95
31
96
46
88
88
8
87
18
58
57
18
21
18
87
78
79
38
22
91
96
91
2
85
8
72
18
18
41
26
60
66
89
86
91
56
3
97
46
81
31
51
8
85
61
82
44
10
88
4
18
95
88
17
47
72
18
21
88
88
80
48
13
84
69
95
96
60
95
97
18
51
79
88
97
18
29
96
18
72
18
91
47
28
45
90
72
66
5
18
69
54
18
18
73
26
56
18
70
67
31
23
86
97
18
72
88
36
88
88
95
64
95
53
95
55
72
88
91
19
69
100
56
34
5
61
60
18
29
61
96
95
18
12
41
67
72
20
91
35
18
96
19
18
17
96
54
18
91
96
39
56
72
62
95
52
23
91
96
53
88
95
60
51
69
15
61
18
18
72
91
48
96
80
96
16
82
88
69
18
88
45
18
88
18
51
60
70
83
88
20
18
1
35
14
88
25
84
96
18
64
95
88
61
91
5
92
54
23
88
18
51
59
96
49
11
96
18
43
70
68
33
95
19
16
88
91
99
18
29
88
91
83
51
81
61
59
4
66
88
31
61
32
54
86
47
16
51
49
18
67
42
88
1
87
88
1
37
18
39
99
19
72
72
82
66
72
95
61
95
78
19
18
60
42
19
27
72
4
47
96
78
50
88
88
37
63
3
68
77
56
13
91
61
61
96
86
1
5
7
90
91
68
5
62
96
88
11
72
5
94
18
13
96
86
4
28
11
95
93
40
27
92
86
27
72
40
47
1
18
52
33
64
61
95
18
96
63
83
61
62
50
76
73
5
88
8
18
95
91
91
59
49
88
88
91
88
72
84
57
4
79
9
66
91
91
48
9
87
83
45
61
88
22
54
44
24
88
18
88
88
88
94
60
88
98
72
14
87
32
96
18
71
80
80
82
84
96
92
1
7
99
18
100
95
53
4
92
96
89
88
42
96
19
69
88
88
59
38
88
62
88
73
81
95
18
69
18
98
91
18
45
18
91
88
92
12
57
62
18
86
86
68
86
91
57
18
62
42
91
79
88
46
61
88
60
91
75
96
99
86
98
94
40
13
73
80
65
18
43
69
95
18
18
37
8
1
72
56
18
1
96
70
45
18
96
1
55
13
72
88
91
48
55
11
20
16
93
0
62
4
29
4
18
72
84
55
43
88
37
59
18
43
61
96
18
91
22
91
45
95
88
29
86
35
46
18
88
96
25
98
96
96
88
95
101
62
27
95
88
88
22
29
98
10
6
55
62
52
89
18
96
91
65
32
39
91
31
73
48
91
42
2
57
66
67
91
61
85
88
18
76
73
58
60
18
38
88
5
90
18
0
88
64
55
72
34
63
17
95
96
96
18
66
32
27
95
19
56
21
67
86
92
88
88
53
64
21
49
45
65
11
95
91
47
42
4
25
88
90
18
27
84
20
61
81
18
95
56
88
88
30
18
18
46
18
71
3
21
19
65
78
73
72
30
62
8
80
37
18
26
18
95
70
27
23
91
11
50
75
91
26
94
81
62
95
12
100
91
36
92
88
29
44
16
46
88
95
8
44
96
88
79
87
45
95
22
18
88
48
91
40
64
94
96
41
47
88
61
9
96
3
88
95
8
18
18
82
18
95
99
78
95
61
88
88
57
88
48
88
18
51
61
50
18
48
41
65
72
58
18
91
88
98
98
66
91
72
18
60
98
60
71
96
43
88
37
60
28
95
68
97
20
78
88
8
46
40
95
88
95
32
91
7
2
58
72
57
13
35
55
42
34
67
16
87
96
33
88
64
61
95
18
45
72
97
7
96
81
22
88
10
63
18
91
18
91
66
80
95
95
43
101
50
35
95
66
29
60
91
18
54
88
95
19
0
87
93
12
14
6
21
86
44
31
21
95
52
62
54
31
47
18
65
18
1
40
63
9
11
87
82
91
94
17
79
10
92
18
14
88
97
96
47
21
91
91
96
1
18
18
18
15
96
64
91
54
71
38
29
72
61
62
42
34
18
59
85
99
88
43
72
40
43
44
95
40
18
18
18
3
18
22
0
25
1
