44
97
63
53
94
12
17
18
3
11
92
12
87
79
17
57
60
18
101
88
81
55
98
88
38
21
55
31
91
95
29
72
18
88
88
49
47
16
28
75
25
66
44
42
91
63
64
60
27
46
34
22
17
88
17
97
66
80
72
91
98
91
4
2
6
21
34
43
83
81
65
21
81
80
18
33
95
91
1
45
62
88
91
95
63
19
95
95
44
91
51
88
45
16
72
95
8
10
95
12
92
66
62
30
91
9
95
72
41
16
95
21
43
95
18
62
2
62
43
18
10
40
10
47
81
91
48
88
83
4
35
6
66
95
88
43
88
96
88
91
88
84
69
40
35
83
51
88
14
18
48
0
18
81
8
18
22
22
95
92
1
95
96
18
31
51
95
60
95
63
27
36
18
16
9
86
59
95
88
72
57
59
83
10
91
67
60
88
1
12
72
99
51
60
54
46
95
38
18
5
98
44
45
72
67
98
88
42
23
44
91
1
61
46
76
88
28
32
49
17
91
11
18
98
14
88
88
62
91
32
89
87
18
74
29
88
81
88
7
95
18
40
51
54
96
8
88
92
61
61
88
49
88
95
95
40
60
63
18
95
88
41
88
88
95
91
20
48
96
61
21
88
72
47
18
73
45
22
95
62
32
72
96
47
52
99
72
19
39
72
43
70
95
63
96
23
5
20
18
88
94
64
15
88
9
95
49
62
100
49
29
72
1
95
18
18
62
88
69
47
62
18
53
93
61
18
95
88
33
37
89
97
61
56
10
35
48
1
74
24
95
18
35
90
60
4
62
72
38
88
80
78
65
40
72
97
67
74
18
65
82
8
91
30
96
61
65
47
95
96
1
94
73
47
6
89
18
95
97
4
93
95
74
29
82
90
42
56
28
6
38
18
20
67
38
0
45
45
48
64
98
88
61
65
62
72
0
101
88
46
88
45
61
10
18
96
6
72
95
65
59
99
33
63
2
37
75
95
62
76
91
65
88
77
65
95
88
87
96
88
96
18
91
91
56
78
18
21
81
69
11
33
88
21
3
52
64
75
68
62
9
51
89
95
31
18
58
88
96
41
54
17
96
49
82
23
49
60
91
88
72
18
62
96
88
20
83
18
16
62
18
28
7
42
1
39
34
21
97
94
64
91
91
12
61
83
48
88
59
18
52
91
88
96
49
96
54
46
95
99
24
31
98
40
58
72
83
13
58
88
18
51
91
74
95
38
10
44
88
88
80
53
82
96
89
49
19
71
95
47
32
8
91
63
95
70
61
72
28
18
1
95
61
21
14
88
89
80
91
88
4
101
88
88
53
93
88
96
4
85
47
8
72
60
49
72
88
71
51
76
95
1
91
37
95
38
98
36
34
94
18
18
66
96
93
18
18
52
66
47
10
21
99
95
96
88
8
53
51
96
96
35
88
22
45
65
88
81
88
30
70
88
88
18
86
18
31
89
42
98
18
95
95
98
62
87
53
87
85
10
24
56
24
91
18
55
1
0
18
72
94
34
91
75
12
88
88
2
88
67
99
60
18
95
29
65
95
91
67
63
96
60
70
88
32
72
72
79
97
18
95
5
18
91
27
71
26
61
88
97
91
91
12
88
72
37
92
30
91
45
26
60
53
42
90
64
60
53
75
88
55
54
85
94
15
5
88
18
88
80
82
96
86
85
98
96
21
95
79
72
31
81
96
95
57
28
21
49
91
96
88
29
88
55
76
32
88
67
0
88
95
26
93
70
91
18
88
10
72
86
64
21
18
36
88
86
88
85
21
91
57
88
95
91
90
41
88
82
88
16
29
88
64
0
88
88
68
88
34
95
39
75
75
8
85
72
82
55
39
1
36
88
18
75
61
37
95
88
88
10
18
29
58
96
7
40
22
65
71
82
18
84
34
18
84
18
88
98
87
101
22
59
63
1
5
13
95
82
72
93
37
18
91
11
82
27
96
11
59
91
92
68
96
88
18
82
18
95
53
88
88
44
91
71
61
42
64
6
66
78
2
18
82
40
90
96
15
88
18
49
71
88
61
78
11
18
26
88
88
4
18
18
88
67
91
25
48
88
96
22
62
91
43
48
18
48
21
82
91
38
95
96
64
61
71
32
88
22
87
32
73
37
91
95
67
48
79
88
51
83
60
40
28
34
67
54
54
72
101
18
42
16
92
6
100
38
84
18
63
79
13
83
90
72
72
6
61
13
91
100
69
87
19
91
95
95
78
18
72
75
39
96
61
61
65
51
88
48
95
88
79
18
4
72
42
62
22
15
65
63
24
18
21
91
80
21
91
81
70
95
69
18
23
95
80
85
15
48
88
96
2
16
95
91
60
7
96
66
91
88
47
95
91
18
95
91
47
47
76
54
95
29
91
10
92
88
91
12
96
62
95
73
7
61
82
95
38
95
88
61
84
88
61
88
13
11
58
18
88
91
96
18
95
7
58
55
63
43
32
4
88
68
90
34
73
10
91
58
86
65
97
86
39
49
15
91
17
18
91
8
31
88
18
11
80
96
58
1
56
51
61
96
36
18
96
3
61
88
84
96
72
10
96
9
75
5
91
95
36
96
36
23
96
83
85
18
82
57
50
10
88
99
45
65
37
42
33
40
88
24
45
6
97
20
3
95
88
95
62
5
18
1
18
42
58
61
64
95
19
41
48
90
1
53
54
47
88
27
83
81
59
96
42
65
31
92
18
28
61
85
91
87
25
41
12
88
72
88
91
91
70
12
77
88
56
29
47
61
88
33
60
65
88
94
99
21
83
59
75
72
96
88
101
95
96
33
15
31
98
29
96
100
9
59
30
78
91
82
18
20
96
33
4
55
92
37
61
84
79
24
56
88
95
72
95
72
91
26
18
92
63
18
17
35
95
23
82
53
91
101
90
39
87
60
97
10
55
10
36
14
7
97
65
14
87
25
18
4
91
66
12
65
29
88
98
33
96
101
9
72
61
60
55
23
47
43
48
96
1
91
100
50
96
73
19
94
72
18
1
19
84
76
29
18
95
91
10
78
38
53
19
94
62
43
26
60
55
88
45
28
88
69
64
65
18
10
35
81
53
18
98
51
72
88
91
18
18
90
46
95
25
99
51
88
44
26
60
18
81
18
38
88
18
39
88
73
26
19
91
32
88
67
12
27
40
48
92
35
88
61
91
18
91
18
80
96
88
6
55
46
50
91
95
72
86
88
95
40
18
48
2
88
98
47
88
7
95
18
40
96
67
62
29
96
67
18
65
90
40
85
18
91
89
71
92
96
10
95
90
26
18
64
69
36
88
46
8
3
95
0
18
18
100
22
18
66
89
62
95
18
91
88
65
91
7
96
72
79
21
81
64
18
66
96
1
93
97
63
73
55
13
27
21
27
88
80
47
95
30
50
18
29
91
18
82
2
32
91
21
32
24
100
96
72
90
95
65
83
59
95
18
92
51
95
44
18
74
61
49
2
18
82
8
78
63
18
65
88
45
55
4
88
56
15
95
25
82
83
88
23
51
73
85
95
33
44
61
20
73
33
92
47
58
95
88
88
18
65
51
92
16
66
88
11
95
43
82
29
64
20
87
72
88
94
96
91
88
91
66
35
63
24
60
52
14
88
44
21
18
42
45
15
70
18
12
95
23
31
29
98
88
35
92
96
18
88
57
95
18
51
95
62
68
4
30
10
33
18
18
95
13
59
5
2
40
91
21
3
96
95
91
43
20
96
88
88
93
18
6
81
25
8
1
34
46
15
41
72
61
26
88
96
98
72
5
1
18
60
18
96
48
61
36
18
96
97
96
91
21
18
88
20
18
32
67
16
32
88
18
67
31
1
91
67
73
61
62
60
96
18
18
46
56
51
51
99
53
18
91
99
23
38
28
95
95
61
89
0
61
95
54
18
3
29
18
96
96
61
40
88
59
87
65
13
27
88
72
18
88
33
75
5
91
47
96
31
66
89
91
67
5
18
42
96
26
35
69
98
60
4
69
81
51
41
22
10
12
25
79
52
72
27
88
56
91
76
89
88
13
44
88
95
88
91
88
88
51
97
18
13
69
56
32
32
18
35
29
42
60
99
72
95
88
18
88
4
49
51
84
18
59
88
88
81
88
49
96
33
95
22
51
18
5
18
88
95
79
16
97
74
95
72
71
76
96
96
99
10
39
