87
10
32
34
95
86
88
22
91
88
61
58
100
91
43
49
53
96
65
26
27
91
10
16
4
18
54
64
77
36
18
57
17
99
88
66
49
26
26
98
24
18
96
18
96
72
18
60
47
89
90
73
18
85
88
72
8
1
95
43
17
43
16
91
3
18
69
0
48
82
46
43
18
1
88
79
11
92
54
61
18
95
37
26
18
61
49
31
92
88
25
23
60
92
98
47
57
14
92
53
18
33
23
66
84
72
20
71
13
101
40
18
46
43
100
97
88
88
84
56
96
34
39
2
79
51
74
18
34
51
20
63
66
95
18
40
88
90
61
51
53
87
34
72
51
96
91
91
55
31
95
64
18
49
47
100
66
72
50
70
86
40
60
88
86
96
72
95
40
60
99
96
90
23
92
89
50
89
61
29
3
71
74
42
18
62
61
63
18
98
10
26
65
93
6
33
63
11
90
42
81
99
43
16
18
13
48
18
50
84
70
88
73
21
60
0
77
18
53
91
21
61
88
69
91
70
96
0
21
29
9
82
18
30
64
35
6
18
96
96
96
91
18
17
88
27
25
87
16
88
25
98
88
27
76
18
72
95
78
18
79
95
91
1
13
88
71
7
98
56
88
58
97
62
88
72
72
85
96
72
20
96
72
91
94
59
69
89
18
10
59
82
95
89
91
22
72
94
85
95
12
21
18
88
96
42
18
82
85
81
96
7
9
64
73
30
41
95
62
94
96
82
89
24
63
59
7
88
89
18
31
18
63
88
18
18
6
88
60
86
99
2
11
69
95
45
23
91
96
18
90
16
95
94
10
88
88
95
91
88
21
37
81
51
96
51
13
83
51
98
45
96
99
91
4
96
45
91
22
91
57
98
60
66
88
60
88
71
71
8
61
34
72
57
62
18
31
22
31
61
95
42
56
84
1
95
100
88
38
18
58
37
63
88
37
24
34
27
72
91
43
40
88
72
99
53
73
4
10
95
5
3
18
52
50
88
73
8
40
71
72
12
48
88
21
101
88
21
95
73
84
88
88
84
91
36
88
79
18
45
88
88
34
95
19
63
18
22
97
38
22
18
21
65
96
91
77
9
46
61
18
47
92
73
9
61
97
86
78
88
61
91
48
39
61
58
76
94
88
89
55
98
95
88
99
6
39
91
13
88
88
91
95
10
38
30
52
15
30
62
76
12
18
88
91
94
73
18
38
9
69
11
53
62
55
22
91
94
91
95
91
68
69
88
0
18
64
18
91
33
12
88
72
18
69
2
33
80
34
88
83
59
88
35
7
91
61
92
65
30
64
88
36
16
50
10
55
95
96
82
16
88
91
95
81
72
62
81
94
88
96
82
79
4
28
96
65
95
95
5
55
28
18
63
91
88
69
53
18
51
21
73
67
1
77
70
18
85
80
79
89
88
10
24
88
61
66
90
60
82
37
50
75
54
27
57
4
45
18
96
47
72
65
88
57
87
65
81
88
29
35
51
73
65
95
50
25
5
88
5
42
1
8
33
4
54
9
94
60
48
11
34
55
96
18
1
88
57
18
88
30
91
62
18
40
53
95
62
16
50
20
85
88
72
72
36
64
18
22
88
91
26
95
21
91
72
21
79
88
31
88
74
11
91
60
57
31
82
96
91
97
18
91
45
65
29
74
18
69
88
18
61
6
62
76
88
37
19
76
88
40
21
88
86
72
89
96
95
91
94
49
95
88
17
46
56
35
99
1
72
5
88
46
42
48
82
81
37
95
18
18
39
7
60
40
18
36
59
22
29
1
62
69
99
32
18
61
58
88
73
96
53
38
53
72
91
88
91
88
27
27
95
51
38
18
87
18
42
21
1
88
30
95
88
18
19
55
44
88
51
73
96
18
65
40
96
67
42
45
33
73
42
40
18
88
51
88
95
88
92
31
88
88
10
8
88
43
96
96
95
20
72
49
8
61
90
67
98
94
51
29
95
88
63
64
34
92
88
29
91
26
22
73
96
91
83
4
21
75
88
14
44
18
74
9
99
99
96
95
62
57
95
33
87
101
88
96
98
88
88
88
88
18
1
29
2
47
88
84
94
40
18
18
60
91
78
88
18
91
18
93
9
64
4
38
9
47
92
30
16
33
40
97
42
72
33
4
50
95
43
83
91
73
91
93
95
98
20
6
25
91
96
81
63
18
69
29
18
18
43
48
83
96
88
89
88
60
11
18
88
50
19
88
95
22
91
65
16
88
86
53
83
18
88
18
18
26
36
89
64
95
18
52
19
51
87
88
55
97
67
18
88
28
6
85
96
74
88
13
61
88
18
95
52
83
29
72
50
89
62
82
77
88
61
18
88
54
44
96
98
47
11
18
71
88
8
76
91
62
76
97
10
18
55
33
88
18
95
61
83
18
65
76
81
53
10
87
88
18
95
91
61
101
39
83
18
65
30
95
95
17
95
37
65
51
20
12
62
35
95
95
46
91
96
15
95
91
57
96
3
1
64
18
72
18
88
22
95
98
95
69
18
74
80
18
31
54
8
88
88
18
19
36
92
42
18
18
39
9
70
11
95
61
80
51
98
8
73
18
95
88
63
64
12
29
18
81
91
96
61
18
27
54
18
12
68
34
88
60
49
88
96
33
47
26
15
60
69
95
88
73
67
101
98
76
17
96
46
12
90
9
90
44
15
96
8
88
64
100
32
88
96
61
18
91
18
72
1
49
18
0
88
91
10
91
88
18
89
42
54
51
18
10
95
72
34
61
18
18
96
18
82
22
96
88
100
69
97
16
88
88
82
89
55
62
88
18
9
92
95
88
18
98
84
26
70
31
24
16
95
27
91
51
61
47
72
91
88
14
72
95
31
96
91
68
5
76
48
94
88
91
81
85
72
96
18
62
91
30
72
95
97
7
83
60
49
72
18
31
88
61
47
42
18
95
99
10
55
69
66
55
82
29
18
65
18
67
29
33
88
96
22
91
5
91
1
63
91
91
34
91
95
88
88
98
17
18
49
90
95
4
86
70
60
72
18
95
61
18
18
82
49
59
76
72
73
51
82
81
16
1
37
96
29
64
36
88
91
33
98
94
16
5
17
18
91
76
28
29
18
9
95
19
41
81
88
18
58
86
64
91
18
48
58
62
51
88
95
29
91
9
95
88
86
17
48
72
8
88
88
80
79
81
88
69
45
18
46
82
88
19
15
71
87
8
60
16
61
18
19
1
51
13
84
88
27
61
24
34
18
18
57
69
71
85
18
89
70
35
95
18
73
72
17
45
66
18
72
38
96
72
18
18
90
85
23
95
45
18
88
95
22
88
97
18
72
69
88
90
12
84
18
67
18
88
96
88
96
16
61
100
63
53
88
5
36
41
48
26
65
40
49
98
88
48
72
76
89
84
18
5
18
96
24
47
101
12
18
18
95
18
54
53
8
64
88
73
42
36
88
66
88
88
74
53
67
64
88
99
23
53
60
13
82
94
12
41
95
3
27
1
21
61
46
79
22
88
75
49
95
91
32
25
18
92
88
96
42
62
84
95
47
90
65
100
3
45
9
86
48
60
13
14
96
45
66
41
82
68
15
97
88
91
60
61
72
5
4
18
32
101
16
77
98
60
64
69
8
72
18
95
92
42
99
42
4
98
43
82
98
78
1
96
49
62
4
11
39
91
95
18
88
84
88
58
9
31
91
88
88
98
41
96
18
63
27
90
9
79
47
95
18
65
16
88
88
85
18
52
95
46
18
63
14
18
5
0
51
90
91
39
96
20
33
88
88
30
21
40
88
27
83
81
1
71
51
18
2
92
8
63
96
18
94
10
12
93
29
90
91
15
88
17
88
61
48
72
18
0
18
2
23
101
9
44
97
33
59
85
18
95
79
36
38
16
61
62
28
95
84
4
96
40
96
88
55
26
72
24
69
17
96
61
23
62
48
88
87
9
42
19
62
22
64
64
96
18
96
96
69
47
81
37
91
80
60
57
66
64
68
18
18
93
88
42
76
91
73
17
5
98
18
77
9
18
40
84
91
91
10
81
98
72
61
95
18
27
74
34
12
64
2
0
88
71
9
91
72
72
96
18
40
45
72
10
73
43
11
98
40
80
88
81
17
99
88
50
68
92
91
98
18
60
40
88
72
15
18
88
28
46
95
7
18
18
64
82
88
95
18
18
91
61
83
21
70
56
18
16
5
38
66
87
91
21
72
4
26
61
38
40
90
96
18
29
86
74
38
18
87
76
76
6
0
77
3
49
86
95
24
96
1
90
10
88
46
26
91
13
61
42
96
88
72
95
66
39
18
96
78
61
27
8
70
35
62
37
19
95
99
96
64
39
44
29
40
88
51
88
19
95
21
63
95
46
88
19
14
18
38
25
46
72
38
59
18
8
93
58
18
96
9
60
99
95
29
88
86
18
81
92
80
88
18
86
91
97
71
38
61
88
78
72
1
91
95
88
21
72
52
61
33
41
50
18
61
18
88
17
52
47
18
96
69
47
88
33
50
22
6
96
27
81
18
59
1
72
1
37
61
88
62
96
88
95
52
30
91
83
51
88
65
95
34
60
31
4
18
88
60
96
38
91
88
30
42
18
60
91
7
18
96
18
18
47
46
18
25
82
32
61
90
72
49
97
91
96
25
18
60
13
58
60
54
88
42
91
90
52
62
72
65
86
96
42
95
88
18
61
82
61
49
65
43
18
89
93
88
48
60
18
91
93
18
22
49
88
62
6
34
57
96
80
8
96
39
18
95
45
68
47
53
32
100
2
18
12
96
49
42
42
88
96
96
51
34
47
70
18
52
21
96
72
10
39
79
91
44
12
13
47
72
88
30
28
18
96
100
24
92
10
86
91
40
88
84
56
69
88
87
33
45
95
18
90
19
69
85
88
95
55
92
13
60
72
41
18
32
34
4
18
18
70
91
99
96
51
48
61
18
72
22
51
77
82
96
62
96
60
51
91
29
83
60
21
18
72
65
31
63
56
85
18
73
88
18
91
0
91
68
21
55
30
42
18
18
92
73
19
96
77
17
3
18
41
17
16
18
67
64
88
95
55
95
17
97
76
61
60
61
76
72
73
70
91
26
95
97
80
72
64
16
49
21
61
95
83
38
68
88
32
56
22
61
8
74
18
1
97
80
83
89
96
95
98
47
95
50
98
5
29
26
18
59
26
18
18
12
45
91
49
95
62
95
42
82
88
53
96
64
18
95
88
95
32
91
72
49
95
88
95
73
48
96
28
91
46
33
69
10
73
95
96
63
18
88
85
18
91
82
19
96
82
52
96
71
22
1
43
63
96
46
18
88
98
83
96
86
91
8
56
91
95
33
61
9
18
55
94
27
73
48
51
23
49
83
56
25
33
49
28
25
49
87
33
81
11
17
61
88
84
22
18
40
22
62
63
66
29
8
28
17
60
15
67
27
89
32
18
100
95
88
22
8
88
96
96
99
18
73
17
68
54
31
17
18
18
5
64
39
43
96
91
40
50
89
40
56
95
61
18
8
10
46
63
8
51
57
62
95
18
51
88
87
18
88
96
54
45
91
98
88
96
62
91
91
22
89
18
62
96
71
55
64
23
88
15
91
88
79
96
91
95
62
16
29
45
100
9
17
95
48
81
79
3
76
92
88
1
18
23
73
17
18
25
12
17
34
51
0
86
91
88
57
81
86
27
92
18
82
95
11
46
73
60
28
95
95
3
97
96
95
35
29
85
17
46
4
0
29
72
6
101
47
10
10
27
19
69
18
22
61
42
88
18
47
46
18
72
18
51
18
51
91
88
48
51
62
78
91
25
72
87
88
18
14
18
91
18
19
18
69
61
1
47
22
88
60
95
68
83
96
14
90
62
91
64
43
88
17
1
87
96
98
88
53
66
91
95
24
69
79
100
51
10
88
51
79
61
56
95
88
18
73
38
11
90
72
91
70
18
101
35
29
18
92
66
18
40
61
41
87
56
18
37
88
54
97
83
74
29
50
60
49
76
65
90
95
92
96
12
45
18
58
31
88
88
99
61
97
88
3
38
58
29
5
78
91
91
18
67
56
88
88
96
95
60
73
91
88
88
78
88
88
27
1
85
9
18
96
88
62
27
53
91
44
57
66
41
39
88
95
87
96
14
56
33
37
34
16
78
91
63
25
15
30
6
60
51
61
96
14
4
70
90
88
18
56
94
66
96
88
22
4
73
59
18
70
9
66
72
55
4
9
60
91
18
18
2
91
88
3
92
48
